0107120091523
366014140142
5503151481040
16123143141214
11112471511140
36624415016
10103446131331
055377121509
21524211021
3313441411461
211121351491521
1022131415111299
102711538188
75253214123
4612715681053
63212408817
44241419122
16575315859
2761233131429
1152531514020
0765648043
555406141078
76612715131387
0116271411064
42111469866
060201415975
532505121275
162315591581
256241121283
3613751151436
11045708180
44574281093
25646611999
0313214191321
175221491042
0101120712943
7613651411001
1411215315846
6112135715972
11351372151284
333771412856
112131215131347
726340151192
102546001377
34174691433
102341514131487
041211411576
075355141339
746650121490
6213407151467
