7740161783
6284940140
8164095721
2994136075
0393232729
0873413216
9829640387
8234025153
8737389464
1716615845
1797710986
2802658334
2652443894
7260521323
9739976187
3679404187
9037079172
2155139278
0431795464
1580707636
8139419074
6647107718
6478699895
1098464459
7700531232
9953983208
9284177904
3960551783
3515423705
2015564121
4439467203
7805404704
9773188737
7947057625
8934425066
4989227479
2050596396
1744749392
8277250833
6178875529
3229270779
6625058754
9282883563
6782013805
8562940451
5541259145
4285419244
7088253772
0199145024
5075187859
